0.1% X	0.1% Y
360	-0.026413251
480	-0.002266666
600	0.021803506
720	-0.00182526
720	0.010876412
720	0.02104012
840	-0.004725749
840	0.012478853
840	0.028909937
960	-0.012201032
960	0.007342017
960	0.035175823
1080	-0.01399561
1080	-0.004139094
1080	-0.00011334
1080	0.033953211
1200	-0.015054688
1200	0.00376998
1200	0.004260496
1200	0.016983463
1320	-0.007357237
1320	0.005262659
1320	0.006407652
1320	0.011716957
1440	-0.015461527
1440	-0.006487926
1440	0.017931123
1440	0.024477969
1560	-0.009253915
1560	0.009270526
1560	0.010202563
1560	0.031431574
1680	-0.040707156
1680	-0.001908169
1680	-0.00122668
1680	0.013550875
1800	-0.021028228
1800	-0.016840626
1800	-0.004935853
1800	0.025624168
1920	-0.032583381
1920	-0.014427712
1920	-0.007844833
1920	0.014928728
2040	-0.036455939
2040	-0.011545734
2040	0.000482107
2040	0.00919532
2160	-0.011150593
2160	-0.003182983
2160	-0.001808187
2160	0.015155323
2280	-0.024111225
2280	-0.006872904
2280	0.005182983
2280	0.013550875
2400	-0.019606615
2400	-0.001465253
2400	0.018059257
2400	0.039204581
2520	-0.03895745
2520	0.011451485
2520	0.011735779
2520	0.017447951
2640	-0.010439339
2640	0.014439605
2640	0.014467834
2640	0.02223362
2760	-0.002067521
2760	0.001477146
2760	0.003005848
2760	0.00718396
2880	0.00181004
2880	0.028129635
2880	0.042829775
2880	0.041823775
3000	-0.020238841
3000	-0.007963536
3000	0.017461527
3000	0.04358128
3120	0.02127751
3120	0.025811578
3120	0.040849993
3120	0.070555155
3240	0.007361943
3240	0.045817679
3240	0.057641317
3240	0.067403483
3360	0.034082103
3360	0.05404771
3360	0.063585398
3360	0.107233512
3480	0.018010799
3480	0.041482219
3480	0.044738358
3480	0.102419477
3600	0.041833885
3600	0.088283027
3600	0.094361513
3600	0.106838577
3720	0.089002002
3720	0.091657687
3720	0.094589199
3720	0.135200759
3840	0.106929073
3840	0.11616391
3840	0.143682629
3840	0.164899556
3960	0.123467402
3960	0.127860091
3960	0.127865087
3960	0.147404417
4080	0.123740683
4080	0.130226967
4080	0.18555071
4080	0.212301721
4200	0.139914885
4200	0.194323542
4200	0.204596517
4200	0.200992561
4320	0.153220756
4320	0.179902506
4320	0.202541783
4320	0.252455796
4440	0.206205211
4440	0.23138186
4440	0.235654617
4440	0.238358637
4560	0.249642617
4560	0.258791287
4560	0.287207909
4560	0.299794885
4680	0.265802764
4680	0.304646275
4680	0.324186703
4680	0.338765639
4800	0.307234218
4800	0.338944534
4800	0.348852187
4800	0.37699083
4920	0.346753451
4920	0.364154544
4920	0.393531881
4920	0.409982782
5040	0.351852707
5040	0.429954005
5040	0.418388239
5040	0.441286112
5160	0.40045499
5160	0.465073613
5160	0.483155753
5160	0.488077117
5280	0.45837935
5280	0.526894111
5280	0.563305722
5280	0.557842408
5400	0.494552196
5400	0.535641782
5400	0.558405971
5400	0.609344934
5520	0.53598365
5520	0.573097722
5520	0.578400117
5520	0.614999514
5640	0.563471826
5640	0.630637787
5640	0.648850581
5640	0.677354062
5760	0.551998501
5760	0.641806706
5760	0.667069808
5760	0.687133616
5880	0.590322596
5880	0.715909264
5880	0.722285284
5880	0.731453297
6000	0.639243582
6000	0.755423387
6000	0.761093137
6000	0.757128147
6120	0.69198901
6120	0.736298551
6120	0.753220232
6120	0.760948809
6240	0.71302344
6240	0.780099441
6240	0.819120152
6240	0.794035744
6360	0.726010607
6360	0.776202751
6360	0.78861525
6360	0.844697724
6480	0.779234091
6480	0.799662416
6480	0.839983609
6480	0.859751133
6600	0.773497428
6600	0.848900452
6600	0.888427923
6600	0.918471701
6720	0.745929576
6720	0.871075226
6720	0.874677009
6720	0.946250925
6840	0.771664883
6840	0.87560811
6840	0.912926679
6840	0.909801807
6960	0.845365065
6960	0.915052156
6960	0.880459122
6960	0.919802137
7080	0.86863042
7080	0.881333859
7080	0.957103468
7080	0.934483285
7200	0.901138177
7200	0.906762476
7200	0.944646246
7200	0.984635908
7320	0.852854598
7320	0.955291446
7320	0.963267672
7320	0.948008429
7440	0.887035547
7440	0.916641007
7440	0.941533744
7440	0.922027926
7560	0.913886316
7560	0.925650227
7560	0.953860009
7560	0.965124996
7680	0.900739797
7680	0.965152457
7680	0.965164349
7680	0.953051703
7800	0.940577734
7800	0.957577638
7800	0.957483671
7800	0.997598367
7920	0.955636474
7920	0.963482447
7920	0.9616864
7920	1.006891263
8040	0.918507517
8040	0.962951559
8040	0.97374108
8040	0.981935909
8160	0.922013255
8160	0.964118642
8160	0.966118368
8160	1.041742719
8280	0.947350183
8280	0.980421121
8280	1.005152642
8280	0.995461053
8400	0.95571615
8400	0.979784926
8400	0.977274701
8400	1.018508415
8520	0.954098581
8520	0.976989608
8520	0.995590224
8520	1.012424793
8640	0.938745189
8640	0.998711707
8640	1.01692785
8640	0.984686786
8760	0.968384614
8760	0.993701676
8760	1.006259037
8760	0.983999067
8880	0.967614225
8880	0.980575022
8880	1.00730033
8880	1.036189312
9000	0.932052415
9000	0.94980427
9000	0.99890941
9000	0.968028699
9120	0.957867398
9120	0.989884511
9120	0.989271581
9120	1.030678765
9240	0.996087405
9240	1.006100981
9240	1.020412959
9240	0.99821193
9360	0.966424846
9360	1.001051722
9360	1.020879262
9360	1.011660661
9480	1.006390005
9480	1.006584611
9480	1.008945997
9480	1.015481323
9600	0.966665886
9600	0.94991876
9600	1.002963942
9600	1.017638487
9720	0.953803929
9720	0.985158496
9720	0.993304055
9720	1.028013095
9840	0.979300208
9840	0.998950279
9840	0.974676651
9840	1.018350359
9960	0.983522568
9960	1.035949754
9960	1.011966314
10080	1.027982167
10080	1.002032592
10200	1.009444677
10320	1.001879766