Time (hrs)	seed 0nM	seed 0nM	seed 0nM	seed 1nM	seed 1nM	seed 1nM	seed 10nM	seed 10nM	seed 10nM	seed 100nM	seed 100nM	seed 100nM
0.00	39.087	40.218	39.613	43.258	43.058	45.104	45.303	42.202	43.735	47.233	43.873	43.281
0.08	39.278	39.72	39.751	43.601	42.658	43.902	45.496	42.445	43.27	47.547	44.377	42.718
0.17	38.724	39.852	39.418	43.419	42.468	43.518	44.856	42.07	42.762	47.92	43.842	43.607
0.25	39.216	39.963	39.309	43.617	42.414	42.999	45.207	42.343	42.736	47.768	44.727	43.588
0.33	38.886	40.312	39.612	42.726	41.954	43.119	45.639	42.476	42.428	47.675	43.692	42.831
0.42	38.807	40.221	40.218	44.071	42.389	42.672	45.573	42.536	42.666	48.23	45.109	43.416
0.50	39.683	39.993	39.33	42.779	42.497	41.985	44.981	41.226	42.955	48.252	44.624	43.101
0.58	38.894	41.219	40.39	43.856	42.259	42.14	45.326	42.145	42.861	47.993	45.194	43.7
0.67	38.765	40.656	39.884	42.845	42.827	42.807	45.55	42.439	42.869	48.838	44.488	43.339
0.75	38.777	40.77	40.179	43.246	42.688	41.535	45.727	42.339	42.968	49.11	44.888	44.158
0.83	39.611	41.048	40.541	44.291	42.56	41.607	46.026	42.51	43.364	50.238	45.633	43.386
0.92	39.726	40.734	40.324	43.793	42.783	42	46.045	42.872	43.337	49.479	46.289	45.133
1.00	39.66	41.536	41.785	44.747	42.864	41.997	46.357	43.321	43.915	50.607	46.073	45.083
1.08	39.857	42.207	41.213	44.391	43.185	42.586	47.548	43.511	43.577	50.554	46.752	45.612
1.17	40.241	42.353	41.302	44.843	44.081	42.435	46.402	43.646	43.829	51.031	46.99	44.628
1.25	40.588	41.647	41.607	44.318	44.101	42.571	46.933	43.596	43.652	51.171	46.768	45.609
1.33	40.347	42.841	41.641	45.192	43.485	42.592	47.905	44.092	43.463	51.706	47.557	45.727
1.42	40.703	42.152	41.697	45.384	44.577	42.362	47.411	43.912	44.05	51.84	47.603	46.411
1.50	40.325	42.889	41.952	45.501	45.002	42.084	47.711	43.833	44.371	52.558	48.295	46.126
1.58	40.962	42.882	41.717	45.01	44.616	42.449	48.261	44.689	44.469	52.306	47.589	45.871
1.67	41.627	43.067	42.73	44.968	44.872	41.83	48.309	44.362	45.535	52.645	47.985	46.583
1.75	41.761	42.883	42.602	45.133	45.905	42.077	48.121	44.51	44.924	53.414	48.903	46.315
1.83	40.729	43.749	43.197	45.05	45.268	41.974	47.928	45.191	44.783	53.529	49.325	47.635
1.92	41.634	43.576	42.878	46.404	46.095	41.169	48.351	44.997	45.058	53.569	49.174	46.547
2.00	42.725	44.051	43.325	46.804	46.565	42.692	49.09	45.049	46.629	53.675	49.538	48.311
2.08	41.889	43.276	43.836	46.48	45.966	42.067	48.477	45.327	45.807	54.46	50.516	48.041
2.17	41.705	44.198	43.137	46.821	45.6	42.435	48.194	46.221	46.06	54.057	50.245	48.47
2.25	42.79	44.341	43.962	47.408	46.676	41.863	49.584	45.965	45.808	55.478	50.683	48.76
2.33	42.665	44.57	43.63	47.122	46.827	41.91	49.388	45.53	46.106	55.432	50.971	49.065
2.42	42.778	45.276	44.802	47.554	46.101	42.163	49.604	46.322	46.353	55.425	51.463	49.803
2.50	43.095	45.037	44.977	47.703	47.213	41.072	49.937	46.871	47.227	56.067	52.382	49.731
2.58	42.955	45.238	43.812	47.931	46.835	40.808	50.147	46.832	47.175	56.054	52.18	49.865
2.67	43.537	45.71	45.563	47.427	47.68	41.526	50.123	47.214	46.476	56.734	52.93	49.799
2.75	44.214	46.111	44.689	48.728	48.441	42.107	50.696	47.837	47.43	56.747	52.814	50.622
2.83	44.784	47.053	45.225	48.128	48.449	42.154	50.314	47.884	47.908	57.691	53.339	51.132
2.92	44.344	46.044	46.002	48.615	48.889	41.701	52.089	47.606	48.687	57.831	53.632	50.272
3.00	45.306	47.089	46.117	49.432	49.329	41.088	50.805	48.023	48.161	57.562	54.666	50.987
3.08	45.69	47.759	46.182	49.65	49.054	42.259	51.95	49.769	48.659	58.059	53.596	53.17
3.17	45.405	47.332	47.025	49.782	49.793	41.495	51.675	48.836	48.591	58.381	54.477	52.213
3.25	44.966	47.043	46.801	49.913	49.745	41.786	51.862	48.704	49.172	57.976	54.177	52.16
3.33	45.78	48.624	47.652	50.447	49.911	41.603	52.315	49.104	49.06	59.114	55.538	52.36
3.42	45.818	48.303	47.736	51.5	49.687	41.075	52.2	49.967	48.949	59.197	56.162	53.414
3.50	47.374	48.081	48.38	50.938	50.651	41.705	52.751	49.812	49.788	59.478	56.343	54.026
3.58	46.717	48.826	48.509	51.218	49.852	41.561	53.4	49.846	50.176	60.453	56.533	53.997
3.67	46.73	48.939	47.876	52.859	50.965	42.274	53.171	51.288	50.533	60.606	57.015	53.661
3.75	47.073	49.458	48.835	51.256	51.352	41.132	53.63	51.197	51.164	60.268	58.011	54.782
3.83	48.005	49.687	49.211	51.852	52.917	41.358	53.96	51.496	51.11	61.087	57.087	55.498
3.92	48.31	50.233	49.439	52.931	52.305	41.962	54.262	51.673	51.544	61.434	57.309	54.856
4.00	49.054	49.793	50.269	52.945	52.366	42.256	54.536	52.624	52.096	61.363	58.001	54.959
4.08	49.284	51.676	49.865	53.5	53.252	42.065	55.196	52.38	52.227	62.429	58.716	55.809
4.17	49.883	51.79	50.791	53.88	54.09	41.907	55.071	52.781	51.993	61.407	58.956	56.557
4.25	50.596	52.137	51.444	53.589	53.848	41.738	55.805	52.338	52.186	62.276	59.469	56.258
4.33	50.499	52.473	50.352	54.762	55.044	41.971	56.505	53.308	53.517	61.901	59.636	57.189
4.42	50.505	53.283	51.829	55.19	55.102	42.908	56.468	53.821	53.462	63.134	60.013	57.473
4.50	51.213	53.476	52.438	54.79	55.329	42.415	57.3	54.694	53.707	62.836	60.359	57.511
4.58	51.609	53.809	52.691	56.318	54.983	42.357	57.229	55.24	54.344	63.397	61.66	57.671
4.67	52.41	53.782	52.337	55.845	55.957	42.327	57.175	55.515	53.878	63.361	60.997	58.539
4.75	52.527	54.254	53.434	56.633	56.779	41.847	58.205	56.575	54.607	64.187	61.6	58.379
4.83	53.238	55.034	53.804	57.632	56.804	41.931	59.067	56.208	55.517	62.919	62.022	58.546
4.92	52.99	55.429	54.318	56.57	56.334	42.166	59.087	56.065	56.2	63.87	61.503	59.392
5.00	53.503	55.566	54.012	57.685	57.027	42.118	59.295	56.704	55.424	64.692	62.351	59.112
5.08	53.809	55.648	54.764	58.202	57.748	42.254	59.251	57.153	55.88	64.43	61.782	59.919
5.17	54.73	56.321	55.359	58.928	57.831	42.226	60.048	58.6	56.91	65.275	61.726	60.49
5.25	55.477	57.161	56.858	59.36	58.905	42.465	60.457	57.574	57.113	65.017	62.553	60.899
5.33	55.244	58.073	57.048	59.82	59.048	43.077	61.311	58.964	56.759	64.923	63.62	60.947
5.42	56.258	58.367	57.799	61.156	59.172	42.576	61.413	58.813	57.598	66.162	63.781	61.369
5.50	56.687	59.044	57.256	60.632	59.626	42.869	61.762	58.549	57.747	66.061	63.496	61.9
5.58	56.888	59.244	57.67	61.355	60.147	43.022	62.279	59.539	58.264	65.928	64.426	61.439
5.67	57.255	59.532	57.877	61.895	60.166	42.994	61.821	59.743	58.72	66.463	64.59	62.306
5.75	57.932	60.533	58.552	61.441	60.773	43.25	63.292	59.531	59.28	65.929	64.743	61.653
5.83	58.836	60.77	59.249	63.265	61.342	43.262	63.567	61.409	59.178	66.464	65.79	61.421
5.92	58.537	61.204	59.877	62.873	61.462	42.532	63.735	61.096	59.939	66.647	64.679	63.163
6.00	60.123	61.859	60.183	63.27	61.901	43.09	63.687	61.801	60.285	67.455	64.723	62.607
6.08	59.87	63.021	60.522	64.736	64.026	43.639	65.746	62.155	60.768	67.684	65.11	62.85
6.17	60.739	63.986	61.123	64.364	63.731	43.888	65.376	62.761	61.135	67.89	66.513	64.464
6.25	60.358	62.997	61.179	64.201	63.938	42.713	66.04	63.024	61.105	67.583	66.162	63.964
6.33	61.289	63.647	61.308	64.374	63.245	42.646	64.784	62.605	60.422	67.674	65.359	63.234
6.42	62.683	64.017	63.15	65.505	64.628	44.038	65.908	64.192	62.34	68.572	66.54	64.9
6.50	63.697	64.174	61.939	64.87	64.208	43.318	66.812	64.603	62.787	67.258	66.661	64.01
6.58	62.635	66.102	62.947	65.465	65.548	43.257	66.422	63.884	62.317	67.783	66.358	64.27
6.67	63.901	65.649	63.444	66.082	65.078	43.805	66.754	65.315	63.847	67.931	66.534	64.708
6.75	63.927	66.277	63.309	67.716	66.113	44.221	68.015	64.866	63.368	68.208	67.497	65.172
6.83	65.314	67.885	64.572	67.981	66.201	44.064	68.816	65.862	65.064	68.026	67.661	64.722
6.92	64.672	67.6	64.518	66.894	66.379	44.005	68.064	65.698	64.341	68.362	67.282	65.232
7.00	65.912	69.193	66.061	68.803	66.135	44.903	68.407	64.937	64.43	68.568	67.9	64.591
7.08	66.524	68.51	65.303	68.496	67.909	44.579	69.38	67.157	65.532	68	67.994	66.071
7.17	66.189	67.918	66.382	68.743	67.191	44.885	69.478	66.709	64.612	68.509	68.737	65.142
7.25	65.79	69.866	66.647	69.499	67.793	45.326	68.65	68.693	66.777	68.621	68.896	66.176
7.33	67.209	69.517	66.96	69.365	68.378	45.421	69.074	67.859	65.775	69.104	69.845	66.591
7.42	67.686	70.161	67.949	70.029	68.472	45.565	70.224	68.243	65.109	68.745	68.612	65.83
7.50	67.951	72.447	67.484	69.962	68.402	45.918	69.215	69.134	66.115	67.87	70.325	65.889
7.58	68.473	70.766	67.79	70.872	69.196	46.183	70.992	69.218	66.127	68.403	69.347	67.08
7.67	68.377	71.439	67.995	70.598	69.246	46.167	70.504	70.087	66.473	68.248	69.101	66.137
7.75	69.012	72.315	68.738	71.983	70.036	46.032	71.261	69.645	65.943	68.957	69.796	66.004
7.83	68.195	73.084	68.569	71.028	69.334	46.453	71.048	68.907	66.673	68.943	69.838	66.258
7.92	68.479	72.816	68.908	71.915	70.351	46.438	71.674	69.488	67.259	68.147	69.612	66.779
8.00	69.426	72.746	69.173	72.045	71.151	46.683	70.62	70.273	66.821	69.335	71.243	65.52
8.08	70.43	72.934	69.349	71.398	70.96	46.395	70.347	70.068	67.136	69.327	69.504	66.727
8.17	71.098	74.528	71.476	72.563	70.718	47.199	71.834	69.924	68.501	68.806	69.722	65.881
8.25	71.162	74.368	70.678	72.774	71.665	46.964	72.205	70.226	67.378	68.509	70.906	66.4
8.33	71.748	74.16	70.509	73.332	71.141	47.267	72.074	70.95	68.605	69.339	71.397	66.647
8.42	70.209	74.095	70.974	72.394	71.233	47.677	70.985	70.312	68.175	68.819	70.232	66.474
8.50	72.629	74.209	72.15	73.181	71.81	47.486	72.792	70.293	69.571	70.994	70.364	67.384
8.58	72.039	75.818	70.96	73.22	71.646	48.915	72.164	69.982	69.334	70.017	70.997	66.16
8.67	72.176	75.327	71.994	73.731	72.239	49.446	72.461	71.38	69.33	69.483	71.405	67.175
8.75	73.247	77.269	73.361	73.794	71.566	48.64	71.789	70.03	68.923	69.357	71.168	66.82
8.83	73.536	76.804	72.522	73.385	73.305	48.065	71.887	71.249	70.32	69.309	71.386	67.385
8.92	72.476	76.295	73.097	74.581	73.005	50.406	73.436	71.87	68.649	69.397	71.076	67.339
9.00	73.794	75.626	73.232	74.943	73.459	49.223	72.473	71.444	69.159	70.3	71.139	67.652
9.08	73.392	76.616	71.501	74.736	72.923	50.431	73.362	71.952	69.228	70.408	70.765	66.922
9.17	74.01	75.973	72.699	75.077	73.004	49.601	73.075	71.946	70.104	70.144	71.977	67.415
9.25	74.66	76.657	73.684	73.82	72.696	50.752	73.459	72.555	69.248	69.196	71.533	68.009
9.33	75.406	76.955	74.146	74.762	74.185	51.685	73.257	71.311	69.196	70.97	71.964	67.859
9.42	73.687	77.638	74.243	74.577	73.972	50.706	72.817	72.559	70.755	70.658	70.606	67.413
9.50	73.286	77.595	74.991	76.208	74.071	51.813	73.722	72.704	69.075	70.275	71.636	67.545
9.58	73.62	76.649	74.354	75.601	74.82	52.156	73.613	72.253	69.796	71.552	71.308	67.248
9.67	75.752	76.894	74.599	75.431	75.393	51.396	73.455	72.774	69.98	71.198	72.352	68.203
9.75	74.07	78.026	76.169	76.554	74.555	52.602	74.822	72.365	70.669	71.927	72.596	68.05
9.83	74.854	76.913	74.141	75.883	73.244	51.802	74.166	71.772	69.752	69.16	71.894	66.676
9.92	75.029	77.438	74.46	75.65	74.762	53.083	73.898	71.308	70.756	70.725	72.712	67.828
10.00	76.074	78.403	76.239	76.742	75.073	52.14	74.759	74.118	71.046	70.073	71.986	67.72
10.08	75.266	77.289	75.989	75.641	73.161	53.86	73.914	72.651	70.311	70.002	71.914	67.701
10.17	75.911	76.705	77.002	76.014	74.947	53.363	74.954	73.973	71.093	69.967	71.889	67.482
10.25	77.074	78.233	76.627	74.896	75.098	53.121	75.628	72.237	70.211	70.433	72.008	67.435
10.33	76.473	78.462	77.256	76.008	76.593	54.879	75.135	73.318	71.932	70.347	73.011	67.9
10.42	76.216	78.542	76.838	76.646	74.86	54.394	74.225	73.555	71.496	69.268	73.14	67.77
10.50	78.218	78.821	76.522	75.876	74.519	53.952	74.092	73.707	71.69	70.107	72.579	67.378
10.58	77.228	79.823	77.095	74.878	74.836	54.572	73.672	74.425	71.602	70.358	72.375	67.64
10.67	78.167	78.04	77.6	76.068	74.147	55.304	75.095	72.621	72.235	71.456	72.436	67.599
10.75	76.761	78.406	78.099	75.615	75.538	55.649	74.921	73.305	71.663	69.78	72.812	67.597
10.83	77.576	79.914	78.625	76.015	75.782	56.617	75.618	74.357	73.659	71.461	72.754	68.468
10.92	78.726	78.651	77.482	76.254	75.635	55.14	74.585	73.723	73.459	70.334	72.631	66.568
11.00	77.046	79.345	76.757	76.362	74.607	56.216	74.582	74.957	73.449	70.007	73.271	68.698
11.08	77.448	79.163	77.095	76.822	75.386	56.284	75.977	74.49	71.636	69.913	72.72	67.862
11.17	77.613	78.415	77.453	76.13	74.296	56.466	74.225	74.677	72.322	71.314	72.516	67.714
11.25	77.018	78.291	77.371	76.673	74.377	56.255	73.906	74.464	72.056	70.311	73.6	67.514
11.33	78.236	77.218	76.775	75.972	75.154	56.78	74.884	73.321	72.104	71.937	72.532	68.036
11.42	78.386	77.078	76.99	75.318	73.997	58.12	74.902	72.783	72.388	69.744	73.066	67.201
11.50	79.168	76.799	77.562	76.594	74.556	57.662	74.637	74.403	73.185	70.561	73.824	66.81
11.58	79.024	76.508	77.941	74.975	74.566	57.384	74.632	74.264	72.309	71.762	72.636	68.33
11.67	79.318	79.047	77.885	76.098	74.593	58.728	74.537	73.967	71.452	70.659	72.606	67.976
11.75	79.619	77.798	77.11	76.899	75.914	59.957	75.312	74.464	72.536	70.842	73.364	67.787
11.83	79.28	78.86	76.678	75.424	74.339	59.722	74.825	74.293	73.378	71.332	73.115	67.943
11.92	78.463	78.414	78.187	76.529	75.403	61.046	76.108	75.775	73.766	71.228	72.778	68.509
12.00	79.269	78.592	78.741	76.276	76.343	60.669	76.438	74.785	73.266	70.64	73.748	68.512
12.08	77.745	77.816	77.963	74.737	73.871	58.905	75.237	75.316	72.647	71.155	72.72	67.428
12.17	79.076	77.465	79.239	76.137	74.056	62.281	75.254	74.997	72.347	70.276	72.972	67.439
12.25	79.246	78.714	77.608	76.776	74.357	60.89	74.938	74.162	72.11	70.06	72.788	67.225
12.33	78.706	78.688	76.94	75.93	75.626	60.396	74.912	74.518	72.102	71.683	72.961	67.06
12.42	77.802	78.137	78.797	76.028	75.144	60.132	74.812	75.832	71.542	70.992	73.263	67.656
12.50	78.324	77.702	79.158	76.184	75.37	62.418	76.308	75.491	72.045	70.961	73.361	67.839
12.58	79.03	78.2	79.117	76.736	75.114	62.44	76.216	76.08	72.284	70.892	72.665	66.95
12.67	79.043	77.939	78.383	76.029	75.009	62.22	76.408	75.142	72.65	70.775	73.913	68.754
12.75	78.672	78.062	79.266	76.518	74.929	65.927	76.049	75.178	72.531	70.314	72.881	68.366
12.83	78.817	78.974	78.492	76.678	74.548	63.253	76.452	75.588	71.456	70.377	73.695	67.464
12.92	78.337	78.6	79.995	76.478	75.44	65.922	76.161	75.598	73.606	71.077	73.488	67.372
13.00	78.177	77.182	78.233	75.399	75.365	66.503	76.535	75.262	73.402	70.101	73.651	68.393
13.08	78.369	79.112	79.064	76.642	75.847	67.586	77.14	74.928	73.77	71.363	74.11	67.436
13.17	78.56	78.582	79.007	76.872	74.931	66.358	76.376	75.285	73.49	70.554	73.004	68.626
13.25	79.146	78.424	78.827	77.269	74.8	67.828	76.673	74.865	73.002	69.915	73.216	67.399
13.33	78.64	78.76	79.021	76.87	76.022	67.479	75.278	75.999	72.208	71.206	73.073	67.419
13.42	76.706	79.284	78.705	77.002	75.177	66.957	76.992	74.689	72.181	71.147	72.334	66.597
13.50	77.468	77.993	80.299	77.442	74.746	68.713	75.032	73.434	71.229	70.778	72.508	67.039
13.58	78.42	78.605	79.281	77.536	75.655	68.721	76.117	74.393	73.432	71.048	72.365	67.473
13.67	79.219	79.245	80.104	77.436	76.888	68.708	75.743	75.135	75.36	71.425	73.884	68.149
13.75	79.815	78.255	78.632	77.725	75.093	69.408	75.509	75.474	74.053	71.587	72.651	67.343
13.83	79.907	78.778	81.185	77.351	75.807	69.837	76.186	75.313	74.143	71.948	72.61	67.668
13.92	79.451	78.571	79.852	78.506	76.148	69.982	75.704	75.961	72.971	70.533	73.287	67.744
14.00	79.05	78.368	79.293	77.689	75.998	70.458	75.888	75.692	73.411	71.822	73.439	67.432
14.08	79.444	78.194	80.069	79.269	75.197	71.074	75.843	74.543	72.566	70.816	72.294	66.843
14.17	79.168	78.295	79.766	78.15	74.914	70.768	76.399	76.258	72.224	70.322	72.74	67.071
14.25	78.723	76.639	79.933	77.776	75.929	71.594	75.208	74.352	72.415	70.255	72.899	67.816
14.33	79.978	77.213	79.94	78.393	76.675	72.369	76.529	75.769	72.509	71.723	72.973	67.944
14.42	78.646	78.008	79.929	77.913	75.931	73.202	75.703	76.027	71.978	70.513	73.302	67.544
14.50	78.477	77.95	78.167	77.611	75.443	71.902	75.589	74.349	71.937	71.019	73.269	67.336
14.58	79.781	77.282	80.036	77.843	75.417	71.555	75.417	75.302	70.98	71.324	72.619	67.727
14.67	79.47	78.075	80.205	78.413	76.295	74.089	75.684	75.533	72.197	70.344	72.697	67.168
14.75	78.788	77.374	79.425	77.698	75.321	75.075	77.222	75.543	72.933	71.235	72.62	67.487
14.83	78.723	77.728	79.767	77.225	74.1	74.784	76.478	73.603	71.426	69.841	72.6	67.122
14.92	80.122	77.961	80.294	77.878	75.138	74.367	75.626	74.428	72.323	70.382	73.85	67.577
15.00	78.953	78.664	79.447	78.24	74.255	75.363	75.416	74.88	74.054	70.11	73.804	66.306
15.08	78.439	77.977	80.573	76.886	75.637	74.82	75.836	75.739	73.373	71.165	72.966	66.703
15.17	78.009	77.656	79.989	77.675	74.774	75.772	76.185	74.365	73.584	70.663	73.505	67.21
15.25	78.904	78.675	78.837	77.16	75.473	75.686	75.861	75.927	74.765	70.736	72.881	67.505
15.33	78.783	77.647	79.637	77.94	75.186	75.475	75.38	75.195	71.972	70.749	73.386	67.406
15.42	78.949	79.315	79.766	77.204	75.645	76.66	74.415	76.033	72.801	70.546	73.839	66.644
15.50	79.263	79.959	79.781	78.134	76.086	76.812	76.23	75.273	72.012	71.053	73.904	68.175
15.58	78.848	78.949	79.493	78.19	75.505	77.759	76.192	75.698	74.139	70.623	73.882	67.041
15.67	79.51	77.989	79.285	77.825	75.974	77.241	75.792	75.07	72.794	70.646	74.035	67.957
15.75	78.709	79.293	78.467	77.495	75.211	77.087	74.428	75.26	71.354	70.125	72.09	67.543
15.83	78.614	79.471	80.01	77.851	76.651	77.805	74.868	75.781	72.542	70.569	72.678	66.913
15.92	79.147	78.68	78.971	78.914	74.536	77.059	73.94	74.532	71.367	70.523	73.121	67.321
16.00	78.632	78.953	79.35	78.157	75.376	78.067	75.93	75.353	72.266	70.983	73.503	67.568
16.08	77.768	79.149	79.931	77.913	75.912	79.273	74.897	75.988	72.719	69.865	72.964	66.344
16.17	79.305	77.963	80.464	77.292	74.403	77.299	74.799	76.315	71.704	70.351	73.16	66.556
16.25	78.172	78.599	78.345	78.629	75.281	75.307	76.36	75.659	71.748	70.575	72.988	66.914
16.33	77.768	77.68	78.331	78.215	75.323	76.193	74.61	73.529	71.122	70.632	72.044	66.629
16.42	78.493	80.037	79.223	76.866	74.371	75.767	75.454	73.486	71.491	70.672	73.353	66.448
16.50	78.421	79.938	80.346	78.924	75.753	76.295	74.332	75.166	71.661	71.673	72.785	66.962
16.58	78.189	78.692	79.492	77.793	76.289	76.494	75.057	75.249	71.933	70.483	73.516	66.904
16.67	79.329	78.177	78.668	75.824	74.114	79.39	76.028	74.627	72.07	71.652	72.671	67.501
16.75	78.106	77.565	79.634	77.702	75.063	79.299	76.712	74.356	70.472	71.302	72.925	67.859
